-2.1955883685168 -1.76222726266956 4.53977405782605
0.845288723084572 -1.65673967839938 4.09137404306063
-1.04903964413194 1.31963793694893 2.78440464665265
-4.52394354407863 -4.6672031277803 4.89426675346762
0.42323659428413 -9.47729220537743 6.78658395369564
5.98510447784638 -9.39589016754633 7.54110698183043
8.93062752973939 -6.59695498487967 7.07756199142657
6.56819527189167 -3.1025217773196 3.61880470903586
1.5337058771898 1.21932978173932 2.19607810251714
-4.79605086608323 4.53442690870508 -0.0230458444382134
-9.20904120005738 6.5275399373013 0.409600051111735
-18.357524803716 6.68270911717085 3.11485443003599
-29.2277072023926 6.84380337767437 3.79199952023615
-33.3476790159252 7.18882803963273 4.91132256221788
-35.8312017456307 -4.02564118718731 6.46133965696701
-39.0661597356291 -8.45563455734923 8.20901582985862
-39.0997932899451 -14.9337734145431 7.63067815860922
-29.365318913726 -24.8251797789299 5.84178340023122
-14.1773611918014 -33.3365756081161 6.26993340061403
-5.94300061635087 -34.4780834681982 6.37264128757874
-7.36202530068185 -26.4038052816062 7.25215286510746
-4.02433012538065 -24.8466805691103 6.04980998517544
2.8208269420745 -28.1392274819162 5.94784711941893
9.82716385880365 -25.2700687032569 6.07913272299397
15.3648382199245 -20.7928751356855 5.96123221087243
15.5231941211373 -15.3702890999482 4.36806210918374
19.2375175666993 4.52499634713112 6.37595775354919
16.2603712916752 -6.60584230658553 2.54392108543713
-4.24396294933708 -8.93388475490538 2.87054045206787
-9.21331881403804 8.07318362035779 7.41363202031982
2.64181676452633 14.5252791732817 11.1980212704048
8.05894450754467 5.17791702827139 9.9055812257014
-1.15924506377601 -1.5050236781147 9.7389607085522
-5.10317831546594 8.78858000872507 10.3389569267705
1.24273815263039 11.6126303230855 8.12257474000234
3.20289575698392 3.31803306031395 9.85709826915222
-1.69106560106542 -0.0745706025530578 7.71986553978666
-7.90439704635624 0.68031263325437 5.7573692307219
-7.86695232555865 5.28116831142195 5.98395110473212
-1.98558199250098 3.40665290859769 4.82442326471407
